------------ VAE architecture optimization ------------
DATE: 23/05/2022
k = 5e-6
epochs = 5000
batch_size = 256
optimizer = Adam (default)

----------------------------------------------------------------------
|  Trial  |    Architecture    |       FID       | Training time [s] |
----------------------------------------------------------------------
|    0    |     [381, 923]     |    2.519892     |       61.6        |
|    1    |  [905, 526, 681]   |    0.006020     |       75.2        |
|    2    |  [754, 824, 688]   |    79.797567    |       75.7        |
|    3    |  [804, 224, 936]   |    5.517200     |       75.3        |
|    4    |     [459, 950]     |    10.850636    |       62.2        |
|    5    |     [316, 181]     |    0.014437     |       63.8        |
|    6    |  [430, 558, 520]   |   215.085373    |       74.7        |
|    7    |  [893, 868, 381]   |    10.042697    |       75.4        |
|    8    |  [338, 1023, 348]  |    0.257506     |       73.1        |
|    9    |     [145, 314]     |    0.015629     |       60.6        |
|   10    |  [1006, 689, 722]  |   2012.104011   |       75.0        |
|   11    |     [315, 568]     |    0.042589     |       60.3        |
|   12    |     [532, 135]     |    0.019572     |       61.7        |
|   13    |     [675, 136]     |    0.019518     |       61.9        |
|   14    |     [335, 714]     |    0.630258     |       59.9        |
|   15    |  [578, 470, 805]   |   423.592615    |       75.2        |
|   16    |     [677, 425]     |    0.569022     |       62.2        |
|   17    |  [609, 257, 506]   |    0.001999     |       74.7        |
|   18    |  [631, 160, 505]   |    0.191827     |       74.9        |
|   19    |  [259, 250, 775]   |    1.021032     |       72.2        |
|   20    |  [1005, 452, 625]  |    64.712281    |       74.6        |
|   21    |  [146, 267, 241]   |    0.001664     |       73.0        |
|   22    |  [131, 226, 481]   |    0.539291     |       73.7        |
|   23    |  [452, 395, 261]   |    0.002894     |       72.8        |
|   24    |  [464, 394, 242]   |    0.004978     |       74.8        |
|   25    |  [696, 273, 249]   |    0.000816     |       75.0        |
|   26    |  [674, 263, 255]   |    0.004342     |       75.1        |
|   27    |  [706, 134, 415]   |    0.001609     |       74.8        |
|   28    |  [733, 131, 428]   |    0.001736     |       74.8        |
|   29    |  [517, 185, 294]   |    0.001548     |       75.2        |
|   30    |  [481, 207, 318]   |    0.050549     |       74.7        |
|   31    |  [269, 180, 211]   |    0.001271     |       74.9        |
|   32    |  [532, 174, 394]   |    0.002403     |       74.8        |
|   33    |  [703, 193, 193]   |    2.835621     |       74.2        |
|   34    |  [345, 344, 305]   |    0.004807     |       71.8        |
|   35    |  [787, 131, 198]   |    0.000970     |       74.5        |
|   36    |  [842, 298, 196]   |    0.002721     |       74.8        |
|   37    |  [227, 201, 164]   |    0.002682     |       72.8        |
|   38    |  [828, 356, 218]   |    0.046368     |       74.4        |
|   39    |  [916, 424, 291]   |    0.792109     |       73.2        |
|   40    |  [366, 608, 340]   |    0.005288     |       72.5        |
|   41    |  [654, 131, 359]   |    0.001011     |       74.7        |
|   42    |  [644, 177, 277]   |    0.048887     |       75.1        |
|   43    |  [772, 292, 1008]  |    2.287033     |       72.4        |
|   44    |  [562, 225, 367]   |    0.001184     |       75.0        |
|   45    |  [757, 238, 364]   |    0.872484     |       74.9        |
|   46    |  [564, 853, 172]   |    1.971413     |       75.3        |
|   47    |  [904, 130, 569]   |    0.007461     |       74.2        |
|   48    |  [800, 977, 457]   |   9625.924911   |       75.1        |
|   49    |  [676, 216, 129]   |    0.001263     |       74.8        |
|   50    |     [295, 131]     |    0.021641     |       60.9        |
|   51    |  [663, 220, 208]   |    0.004821     |       74.2        |
|   52    |  [610, 161, 345]   |    0.001157     |       74.9        |
|   53    |  [582, 158, 346]   |    1.036312     |       75.0        |
|   54    |  [698, 235, 376]   |    0.108341     |       75.1        |
|   55    |  [613, 273, 166]   |    0.001870     |       75.4        |
|   56    |  [541, 792, 335]   |    0.292193     |       75.2        |
|   57    |  [609, 218, 622]   |    0.017564     |       74.4        |
|   58    |  [742, 322, 222]   |    0.002955     |       75.1        |
|   59    |  [654, 496, 255]   |    0.059405     |       75.2        |
|   60    |     [158, 446]     |    0.015707     |       60.2        |
|   61    |  [866, 178, 143]   |    0.001574     |       75.5        |
|   62    |  [793, 150, 222]   |    0.001396     |       75.0        |
|   63    |  [386, 208, 268]   |    0.199339     |       73.9        |
|   64    |  [284, 129, 400]   |    0.002091     |       74.8        |
|   65    |  [716, 250, 536]   |    0.785595     |       74.8        |
|   66    |  [184, 175, 316]   |    0.001943     |       75.6        |
|   67    |  [959, 271, 178]   |    0.070786     |       75.6        |
|   68    |  [684, 372, 852]   |    78.863569    |       73.0        |
|   69    |  [416, 199, 238]   |    0.001797     |       74.9        |
|   70    |  [507, 236, 154]   |    0.001590     |       78.5        |
|   71    |  [806, 153, 224]   |    0.001194     |       75.3        |
|   72    |  [778, 156, 193]   |    0.002097     |       75.0        |
|   73    |  [826, 194, 283]   |    0.001026     |       74.8        |
|   74    |  [835, 200, 279]   |    0.068321     |       74.2        |
|   75    |  [631, 162, 362]   |    0.001328     |       75.3        |
|   76    |  [868, 276, 319]   |    0.079375     |       73.5        |
|   77    |  [732, 316, 239]   |    0.001754     |       74.7        |
|   78    |  [572, 132, 294]   |    0.001049     |       75.5        |
|   79    |  [565, 129, 305]   |    0.001126     |       76.6        |
|   80    |  [593, 128, 296]   |    0.000957     |       75.9        |
|   81    |  [581, 128, 296]   |    0.001309     |       75.9        |
|   82    |  [557, 184, 388]   |    0.000854     |       75.6        |
|   83    |  [500, 180, 401]   |    0.529086     |       75.9        |
|   84    |  [548, 145, 326]   |    0.001170     |       76.2        |
|   85    |  [596, 181, 284]   |    0.038115     |       76.5        |
|   86    |  [633, 131, 347]   |    0.002034     |       76.1        |
|   87    |  [523, 602, 304]   |    0.022347     |       75.6        |
|   88    |  [605, 193, 387]   |    0.001280     |       76.1        |
|   89    |  [481, 248, 256]   |    0.001469     |       75.7        |
|   90    |  [577, 731, 477]   |   889.501870    |       77.7        |
|   91    |  [547, 152, 327]   |    0.001560     |       76.2        |
|   92    |  [543, 146, 358]   |    0.001222     |       76.4        |
|   93    |  [442, 169, 266]   |    0.000816     |       76.7        |
|   94    |  [654, 166, 418]   |    0.002258     |       76.7        |
|   95    |  [444, 220, 277]   |    0.001807     |       75.7        |
|   96    |  [635, 202, 299]   |    0.010640     |       76.0        |
|   97    |  [473, 189, 261]   |    0.001190     |       76.2        |
|   98    |     [169, 247]     |    0.012989     |       62.6        |
|   99    |  [610, 143, 201]   |    0.001598     |       75.9        |
|   100   |  [685, 128, 434]   |    10.276689    |       76.0        |
|   101   |  [557, 148, 334]   |    0.001086     |       76.0        |
|   102   |  [564, 167, 337]   |    0.028542     |       75.8        |
|   103   |  [500, 189, 312]   |    0.419014     |       76.9        |
|   104   |  [588, 232, 381]   |    0.001409     |       76.3        |
|   105   |  [621, 214, 271]   |    0.497895     |       75.4        |
|   106   |  [416, 166, 293]   |    0.000926     |       76.0        |
|   107   |  [414, 143, 230]   |    0.001437     |       75.2        |
|   108   |  [370, 257, 296]   |    0.001348     |       72.3        |
|   109   |  [762, 205, 281]   |    0.001291     |       75.1        |
|   110   |  [330, 170, 247]   |    0.000787     |       74.2        |
|   111   |  [441, 171, 183]   |    0.004308     |       76.5        |
|   112   |  [331, 143, 246]   |    0.003959     |       74.0        |
|   113   |  [289, 186, 211]   |    0.001249     |       75.3        |
|   114   |  [413, 128, 267]   |    0.001226     |       75.5        |
|   115   |  [322, 162, 315]   |    0.001010     |       74.0        |
|   116   |  [306, 236, 332]   |    0.001400     |       73.4        |
|   117   |  [217, 160, 363]   |    0.001179     |       74.6        |
|   118   |  [337, 285, 233]   |    0.001026     |       74.5        |
|   119   |  [322, 287, 232]   |    0.002035     |       73.6        |
|   120   |  [363, 414, 205]   |    0.030014     |       73.1        |
|   121   |  [256, 212, 254]   |    0.001050     |       72.6        |
|   122   |  [241, 213, 255]   |    0.001777     |       73.2        |
|   123   |  [346, 254, 187]   |    0.004509     |       75.2        |
|   124   |  [259, 184, 288]   |    0.001421     |       74.1        |
|   125   |  [310, 304, 223]   |    0.001273     |       73.4        |
|   126   |  [294, 227, 265]   |    0.001275     |       72.8        |
|   127   |  [389, 342, 155]   |    0.001106     |       75.4        |
|   128   |  [203, 199, 313]   |    0.001447     |       73.2        |
|   129   |  [391, 171, 665]   |    0.001763     |       75.2        |
|   130   |  [349, 944, 240]   |    0.060067     |       74.2        |
|   131   |  [277, 153, 287]   |    0.000865     |       74.7        |
|   132   |  [172, 161, 292]   |    0.001648     |       74.5        |
|   133   |  [234, 192, 279]   |    0.001958     |       75.0        |
|   134   |  [262, 149, 252]   |    0.001740     |       74.4        |
|   135   |  [273, 174, 311]   |    0.001427     |       75.1        |
|   136   |  [817, 213, 208]   |    0.022672     |       74.8        |
|   137   |     [554, 349]     |    0.031727     |       62.6        |
|   138   |  [725, 146, 264]   |    0.000838     |       75.1        |
|   139   |  [738, 148, 275]   |    0.230791     |       75.0        |
|   140   |  [712, 129, 319]   |    0.001717     |       75.3        |
|   141   |  [849, 165, 236]   |    0.000886     |       75.2        |
|   142   |  [849, 170, 232]   |    0.001819     |       75.5        |
|   143   |  [877, 156, 293]   |    0.000991     |       75.3        |
|   144   |  [878, 155, 221]   |    0.001516     |       75.3        |
|   145   |  [906, 192, 267]   |    0.001075     |       75.2        |
|   146   |  [931, 180, 181]   |    0.001450     |       76.0        |
|   147   |  [782, 163, 298]   |    0.023323     |       75.4        |
|   148   |  [855, 145, 234]   |    0.265202     |       75.2        |
|   149   |  [808, 473, 288]   |    0.027007     |       75.2        |
|   150   |  [887, 198, 325]   |    0.338523     |       75.1        |
|   151   |  [681, 128, 304]   |    0.040631     |       75.1        |
|   152   |  [821, 142, 250]   |    0.001255     |       75.2        |
|   153   |  [658, 164, 274]   |    0.160652     |       75.5        |
|   154   |  [751, 181, 347]   |    2.950837     |       75.3        |
|   155   |  [322, 144, 374]   |    1.505507     |       73.9        |
|   156   |  [723, 242, 288]   |    1.830755     |       75.2        |
|   157   |  [789, 163, 215]   |    0.001289     |       75.3        |
|   158   |  [834, 195, 544]   |    0.010636     |       75.0        |
|   159   |  [764, 180, 264]   |    0.003252     |       75.6        |
|   160   |  [701, 225, 199]   |    0.002629     |       75.4        |
|   161   |  [298, 208, 249]   |    0.000975     |       74.1        |
|   162   |  [301, 153, 242]   |    0.001261     |       75.5        |
|   163   |  [361, 205, 301]   |    0.001733     |       74.9        |
|   164   |  [321, 140, 260]   |    0.001483     |       72.5        |
|   165   |  [277, 177, 280]   |    0.002152     |       74.9        |
|   166   |  [933, 163, 247]   |    0.001138     |       75.1        |
|   167   |  [461, 131, 312]   |    0.001154     |       75.2        |
|   168   |  [864, 186, 332]   |    2.627189     |       75.1        |
|   169   |  [532, 220, 893]   |    2.808341     |       74.5        |
|   170   |  [336, 264, 223]   |    0.001110     |       71.2        |
|   171   |  [289, 202, 258]   |    0.001778     |       72.3        |
|   172   |  [311, 156, 241]   |    0.000950     |       74.2        |
|   173   |  [309, 155, 288]   |    0.001137     |       74.5        |
|   174   |  [350, 144, 207]   |    0.001406     |       73.6        |
|   175   |  [381, 176, 269]   |    0.116040     |       74.4        |
|   176   |  [327, 129, 169]   |    0.001407     |       73.2        |
|   177   |  [404, 161, 232]   |    0.001225     |       75.6        |
|   178   |  [436, 170, 243]   |    0.001031     |       75.7        |
|   179   |  [430, 190, 750]   |    0.003983     |       74.7        |
|   180   |  [430, 723, 602]   |    0.132437     |       75.2        |
|   181   |  [494, 168, 233]   |    0.001587     |       75.2        |
|   182   |  [842, 639, 195]   |    0.021091     |       75.1        |
|   183   |  [643, 148, 253]   |    0.001329     |       75.3        |
|   184   |  [249, 129, 278]   |    0.001815     |       73.9        |
|   185   |  [455, 173, 300]   |    0.001498     |       75.2        |
|   186   |  [595, 155, 322]   |    0.001174     |       75.1        |
|   187   |  [666, 183, 244]   |    0.000971     |       75.2        |
|   188   |     [210, 234]     |    0.013080     |       59.8        |
|   189   |  [694, 229, 214]   |    0.006530     |       75.4        |
|   190   |  [300, 193, 246]   |    0.001416     |       75.8        |
|   191   |  [672, 149, 267]   |    0.024482     |       75.2        |
|   192   |  [626, 175, 289]   |    0.001494     |       75.5        |
|   193   |  [277, 163, 267]   |    0.001546     |       74.9        |
|   194   |  [514, 184, 242]   |    0.001153     |       75.4        |
|   195   |  [654, 143, 306]   |    0.001148     |       75.4        |
|   196   |  [891, 372, 219]   |    0.002522     |       75.4        |
|   197   |  [337, 198, 282]   |    0.001923     |       73.9        |
|   198   |  [711, 160, 189]   |    0.001045     |       75.5        |
|   199   |  [706, 163, 191]   |    0.001244     |       75.5        |
|   200   |  [729, 209, 163]   |    0.001055     |       75.7        |
|   201   |  [688, 142, 256]   |    0.001041     |       75.9        |
|   202   |  [692, 149, 254]   |    0.225085     |       75.6        |
|   203   |  [680, 176, 211]   |    0.001021     |       75.3        |
|   204   |  [665, 178, 218]   |    0.001357     |       75.5        |
|   205   |  [688, 128, 243]   |    0.001124     |       75.4        |
|   206   |  [677, 189, 226]   |    0.013223     |       75.2        |
|   207   |  [647, 173, 261]   |    9.225363     |       75.2        |
|   208   |  [829, 150, 273]   |    0.001083     |       74.6        |
|   209   |  [739, 206, 210]   |    0.160942     |       74.9        |
|   210   |  [317, 245, 243]   |    0.005178     |       72.9        |
|   211   |  [719, 164, 181]   |    0.001252     |       75.2        |
|   212   |  [670, 150, 197]   |    0.000738     |       74.9        |
|   213   |  [671, 142, 201]   |    0.001562     |       74.9        |
|   214   |  [370, 184, 234]   |    0.001499     |       75.0        |
|   215   |  [796, 142, 256]   |    0.337105     |       75.2        |
|   216   |  [870, 128, 283]   |    0.001404     |       75.1        |
|   217   |  [662, 164, 227]   |    0.001374     |       75.3        |
|   218   |  [639, 188, 268]   |    1.289016     |       74.0        |
|   219   |  [289, 155, 203]   |    0.001044     |       74.5        |
|   220   |  [687, 171, 298]   |    0.001141     |       75.1        |
|   221   |  [303, 150, 151]   |    0.001642     |       74.7        |
|   222   |  [260, 157, 211]   |    0.001250     |       74.1        |
|   223   |  [274, 178, 202]   |    0.002068     |       74.6        |
|   224   |  [292, 156, 992]   |    0.275564     |       71.1        |
|   225   |  [705, 128, 173]   |    0.001204     |       75.3        |
|   226   |  [479, 194, 248]   |    0.001044     |       74.5        |
|   227   |  [354, 146, 228]   |    0.000936     |       74.2        |
|   228   |  [348, 143, 233]   |    0.001131     |       73.9        |
|   229   |  [408, 171, 259]   |    0.000978     |       75.3        |
|   230   |  [409, 178, 317]   |    0.001502     |       75.2        |
|   231   |  [442, 169, 260]   |    0.321426     |       75.1        |
|   232   |  [430, 142, 279]   |    0.000831     |       74.8        |
|   233   |  [425, 203, 272]   |    0.000847     |       74.4        |
|   234   |  [388, 225, 285]   |    0.001445     |       73.7        |
|   235   |  [403, 326, 296]   |    0.001394     |       73.1        |
|   236   |  [361, 208, 274]   |    0.001147     |       72.2        |
|   237   |  [416, 197, 309]   |    0.000977     |       75.0        |
|   238   |  [415, 192, 315]   |    0.096598     |       75.2        |
|   239   |  [409, 205, 344]   |    0.002288     |       75.0        |
|   240   |  [421, 182, 308]   |    0.001804     |       75.3        |
|   241   |  [378, 161, 277]   |    0.000955     |       73.7        |
|   242   |  [459, 161, 277]   |    0.001419     |       75.2        |
|   243   |  [397, 144, 292]   |    0.001430     |       73.5        |
|   244   |  [382, 167, 324]   |    0.001294     |       73.9        |
|   245   |  [430, 129, 265]   |    0.001115     |       74.9        |
|   246   |  [370, 186, 284]   |    0.001452     |       74.8        |
|   247   |  [450, 151, 305]   |    0.001270     |       75.2        |
|   248   |  [387, 201, 267]   |    0.001765     |       74.6        |
|   249   |  [851, 171, 247]   |    0.033329     |       75.1        |
|   250   |  [350, 217, 286]   |    0.001750     |       73.4        |
|   251   |  [427, 143, 331]   |    0.001062     |       74.8        |
|   252   |  [327, 163, 259]   |    0.001390     |       73.3        |
|   253   |  [613, 188, 223]   |    0.001133     |       75.2        |
|   254   |     [144, 299]     |    0.013586     |       60.5        |
|   255   |  [373, 176, 393]   |    0.001092     |       73.9        |
|   256   |  [814, 128, 276]   |    0.001087     |       74.2        |
|   257   |  [398, 157, 365]   |    0.001248     |       75.1        |
|   258   |  [773, 811, 240]   |    30.299459    |       75.2        |
|   259   |  [420, 197, 249]   |    0.001623     |       74.9        |
|   260   |  [330, 896, 221]   |    0.001907     |       74.3        |
|   261   |  [666, 230, 274]   |    0.314174     |       74.4        |
|   262   |  [313, 155, 304]   |    0.000931     |       74.7        |
|   263   |  [314, 152, 342]   |    0.001517     |       73.9        |
|   264   |  [338, 143, 321]   |    0.001658     |       73.0        |
|   265   |  [358, 166, 304]   |    0.001929     |       74.0        |
|   266   |  [305, 176, 294]   |    0.001647     |       74.7        |
|   267   |  [920, 156, 259]   |    0.001724     |       74.7        |
|   268   |  [438, 140, 234]   |    0.001122     |       74.8        |
|   269   |  [1008, 129, 184]  |    0.001499     |       75.4        |
|   270   |  [632, 182, 315]   |    0.001854     |       75.2        |
|   271   |  [466, 161, 275]   |    0.001327     |       75.0        |
|   272   |  [748, 1018, 252]  |    0.007831     |       75.1        |
|   273   |  [317, 501, 219]   |    0.004648     |       72.8        |
|   274   |  [649, 175, 292]   |    0.001188     |       75.2        |
|   275   |  [404, 145, 333]   |    0.000849     |       75.0        |
|   276   |  [379, 143, 353]   |    0.001288     |       73.5        |
|   277   |  [395, 129, 327]   |    0.001049     |       74.8        |
|   278   |  [404, 155, 372]   |    0.506167     |       74.9        |
|   279   |  [439, 147, 333]   |    0.001435     |       74.9        |
|   280   |  [423, 197, 348]   |    0.001418     |       74.9        |
|   281   |  [285, 162, 302]   |    0.001279     |       74.7        |
|   282   |  [354, 144, 316]   |    0.000998     |       72.8        |
|   283   |  [348, 163, 304]   |    0.001104     |       73.6        |
|   284   |  [370, 212, 657]   |    0.003514     |       72.9        |
|   285   |  [347, 128, 273]   |    0.001485     |       74.4        |
|   286   |  [330, 190, 316]   |    0.000741     |       74.8        |
|   287   |  [390, 194, 279]   |    0.001599     |       74.2        |
|   288   |  [979, 218, 288]   |    0.002061     |       74.8        |
|   289   |  [365, 186, 830]   |    0.001086     |       74.1        |
|   290   |  [408, 177, 315]   |    0.001009     |       75.2        |
|   291   |  [333, 146, 257]   |    0.001180     |       73.7        |
|   292   |  [456, 201, 239]   |    0.001361     |       74.6        |
|   293   |  [297, 165, 489]   |    0.091938     |       74.2        |
|   294   |  [315, 150, 263]   |    0.001800     |       74.0        |
|   295   |     [240, 294]     |    0.013825     |       60.1        |
|   296   |  [885, 190, 309]   |    0.012477     |       75.1        |
|   297   |  [379, 176, 245]   |    0.001296     |       74.9        |
|   298   |  [480, 145, 269]   |    0.001151     |       74.9        |
|   299   |  [418, 211, 325]   |    0.000999     |       74.9        |
|   300   |  [356, 129, 285]   |    0.001074     |       74.0        |
|   301   |  [270, 162, 231]   |    0.001363     |       74.6        |
|   302   |  [336, 180, 255]   |    0.001288     |       73.7        |
|   303   |  [397, 149, 339]   |    0.001024     |       74.8        |
|   304   |  [437, 166, 195]   |    0.001091     |       74.8        |
|   305   |  [304, 225, 292]   |    0.001388     |       75.0        |
|   306   |  [908, 194, 272]   |    0.470716     |       74.0        |
|   307   |  [376, 144, 311]   |    0.001107     |       73.1        |
|   308   |  [407, 177, 223]   |    0.001176     |       75.2        |
|   309   |  [349, 574, 283]   |    0.002624     |       73.4        |
|   310   |  [327, 162, 253]   |    0.001136     |       73.4        |
|   311   |  [425, 145, 241]   |    0.001241     |       75.1        |
|   312   |  [580, 196, 267]   |    0.001228     |       74.1        |
|   313   |  [453, 128, 451]   |    0.001061     |       74.9        |
|   314   |  [717, 211, 328]   |    0.578850     |       75.0        |
|   315   |  [248, 174, 212]   |    0.000987     |       74.6        |
|   316   |  [221, 392, 204]   |    0.004623     |       73.1        |
|   317   |  [255, 420, 171]   |    0.002121     |       74.7        |
|   318   |  [278, 182, 221]   |    0.001177     |       75.1        |
|   319   |  [249, 166, 192]   |    0.001329     |       74.9        |
|   320   |  [765, 203, 231]   |    0.028234     |       74.8        |
|   321   |  [296, 248, 204]   |    0.000796     |       70.3        |
|   322   |  [237, 263, 208]   |    0.001098     |       71.7        |
|   323   |  [282, 217, 158]   |    0.001162     |       75.3        |
|   324   |  [308, 247, 183]   |    0.001451     |       75.4        |
|   325   |  [198, 233, 208]   |    0.001162     |       73.7        |
|   326   |  [266, 192, 234]   |    0.001621     |       74.9        |
|   327   |  [295, 276, 222]   |    0.001477     |       71.9        |
|   328   |  [497, 239, 251]   |    0.001048     |       74.9        |
|   329   |  [528, 178, 195]   |    0.001188     |       74.6        |
|   330   |  [313, 217, 242]   |    0.001307     |       73.1        |
|   331   |  [420, 196, 217]   |    0.001053     |       74.4        |
|   332   |  [732, 168, 143]   |    0.002402     |       75.3        |
|   333   |     [185, 262]     |    0.010162     |       60.3        |
|   334   |  [236, 651, 179]   |    0.006655     |       77.3        |
|   335   |  [286, 158, 237]   |    0.001099     |       73.5        |
|   336   |  [389, 217, 554]   |    0.002366     |       74.2        |
|   337   |  [446, 257, 270]   |    0.015830     |       72.3        |
|   338   |  [794, 154, 212]   |    0.002106     |       75.1        |
|   339   |  [322, 176, 253]   |    0.001609     |       76.9        |
|   340   |  [701, 128, 271]   |    0.001603     |       75.0        |
|   341   |  [561, 445, 422]   |    0.001280     |       73.5        |
|   342   |  [260, 297, 295]   |    0.059071     |       71.4        |
|   343   |  [408, 201, 239]   |    0.001163     |       74.8        |
|   344   |  [299, 148, 192]   |    0.001439     |       73.6        |
|   345   |  [335, 168, 284]   |    0.001162     |       71.3        |
|   346   |  [433, 185, 222]   |    0.001140     |       75.1        |
|   347   |  [370, 532, 255]   |    0.003826     |       74.4        |
|   348   |  [749, 143, 303]   |    0.387743     |       75.3        |
|   349   |  [618, 206, 202]   |    0.001823     |       74.6        |
|   350   |  [385, 231, 732]   |    0.027396     |       76.4        |
|   351   |  [316, 169, 281]   |    0.001587     |       74.9        |
|   352   |  [468, 153, 246]   |    0.001414     |       75.2        |
|   353   |  [272, 179, 265]   |    0.001180     |       74.3        |
|   354   |  [600, 137, 226]   |    0.000895     |       74.4        |
|   355   |  [597, 134, 229]   |    0.001672     |       74.3        |
|   356   |  [614, 139, 257]   |    0.001221     |       74.9        |
|   357   |  [665, 157, 284]   |    0.001178     |       74.9        |
|   358   |  [634, 772, 304]   |    0.005366     |       74.3        |
|   359   |  [575, 131, 239]   |    0.000873     |       74.7        |
|   360   |  [580, 129, 233]   |    0.001153     |       74.0        |
|   361   |  [551, 128, 241]   |    0.001380     |       75.0        |
|   362   |  [537, 148, 220]   |    0.001240     |       74.0        |
|   363   |  [593, 128, 176]   |    0.001314     |       74.0        |
|   364   |  [549, 153, 276]   |    0.000795     |       74.7        |
|   365   |  [563, 144, 268]   |    0.000696     |       73.4        |
|   366   |  [546, 147, 588]   |    0.001069     |       74.2        |
|   367   |  [517, 144, 276]   |    0.001252     |       73.6        |
|   368   |  [561, 128, 267]   |    0.591677     |       74.9        |
|   369   |  [582, 152, 249]   |    0.001142     |       74.9        |
|   370   |  [571, 159, 291]   |    0.000942     |       75.0        |
|   371   |  [560, 160, 295]   |    0.079614     |       75.0        |
|   372   |  [570, 142, 329]   |    0.001349     |       74.6        |
|   373   |  [598, 128, 286]   |    0.001046     |       75.1        |
|   374   |  [540, 163, 298]   |    0.000888     |       75.0        |
|   375   |     [166, 311]     |    0.014963     |       60.3        |
|   376   |  [542, 158, 286]   |    0.004784     |       74.7        |
|   377   |  [569, 156, 305]   |    0.001561     |       75.0        |
|   378   |  [512, 160, 523]   |    36.940568    |       73.8        |
|   379   |  [580, 145, 335]   |    0.001043     |       74.5        |
|   380   |  [529, 170, 295]   |    0.002667     |       75.1        |
|   381   |  [594, 144, 351]   |    0.641606     |       74.7        |
|   382   |  [548, 178, 277]   |    0.140004     |       74.7        |
|   383   |  [558, 159, 271]   |    0.001361     |       74.5        |
|   384   |  [570, 143, 324]   |    0.000865     |       74.6        |
|   385   |  [529, 187, 362]   |    0.223215     |       74.8        |
|   386   |  [568, 164, 328]   |    0.001684     |       73.4        |
|   387   |  [539, 143, 788]   |    0.141753     |       74.2        |
|   388   |  [579, 175, 317]   |    0.000859     |       75.2        |
|   389   |  [576, 183, 380]   |    0.045795     |       74.8        |
|   390   |  [608, 172, 351]   |    0.318336     |       74.4        |
|   391   |  [587, 190, 323]   |    0.001023     |       74.8        |
|   392   |  [558, 155, 317]   |    0.001058     |       75.1        |
|   393   |  [577, 143, 332]   |    0.001147     |       74.5        |
|   394   |  [603, 172, 308]   |    0.002833     |       73.2        |
|   395   |  [491, 143, 346]   |    0.000969     |       74.4        |
|   396   |  [541, 192, 919]   |    0.015534     |       73.8        |
|   397   |  [517, 608, 300]   |    10.760308    |       73.4        |
|   398   |  [568, 704, 264]   |    0.080194     |       72.0        |
|   399   |  [552, 128, 316]   |    0.001470     |       74.3        |
|   400   |  [593, 314, 400]   |    0.002483     |       73.4        |
|   401   |  [977, 158, 294]   |    0.077390     |       74.9        |
|   402   |  [552, 173, 474]   |    0.001319     |       74.1        |
|   403   |  [577, 196, 260]   |    0.000894     |       73.3        |
|   404   |  [611, 205, 279]   |    0.832027     |       73.7        |
|   405   |  [580, 193, 260]   |    0.000979     |       73.5        |
|   406   |  [572, 853, 296]   |    0.015505     |       75.2        |
|   407   |  [622, 180, 337]   |    0.043347     |       74.5        |
|   408   |  [542, 224, 260]   |    0.001915     |       73.6        |
|   409   |  [508, 202, 317]   |    0.001591     |       74.9        |
|   410   |  [590, 160, 278]   |    0.001290     |       78.5        |
|   411   |  [562, 144, 233]   |    0.001177     |       74.9        |
|   412   |     [347, 291]     |    0.021047     |       59.0        |
|   413   |  [581, 183, 364]   |    0.504551     |       75.0        |
|   414   |  [533, 168, 251]   |    0.001469     |       75.1        |
|   415   |  [480, 128, 311]   |    0.001431     |       74.8        |
|   416   |  [608, 275, 270]   |    0.305949     |       74.0        |
|   417   |  [558, 249, 224]   |    0.238887     |       74.4        |
|   418   |  [530, 210, 248]   |    0.000866     |       74.4        |
|   419   |  [504, 211, 241]   |    0.001530     |       73.9        |
|   420   |  [533, 217, 205]   |    0.006467     |       74.0        |
|   421   |  [526, 191, 628]   |    0.001002     |       73.9        |
|   422   |  [517, 234, 251]   |    0.012609     |       74.6        |
|   423   |  [460, 206, 219]   |    0.001104     |       74.1        |
|   424   |  [547, 256, 238]   |    0.146208     |       74.7        |
|   425   |  [493, 228, 265]   |    0.001391     |       74.0        |
|   426   |  [597, 506, 257]   |    0.002038     |       74.3        |
|   427   |  [555, 193, 198]   |    0.000893     |       73.6        |
|   428   |  [568, 204, 187]   |    0.000832     |       75.2        |
|   429   |  [554, 242, 156]   |    0.001118     |       77.5        |
|   430   |  [133, 216, 172]   |    0.002370     |       72.1        |
|   431   |  [572, 231, 180]   |    0.146012     |       75.2        |
|   432   |  [533, 201, 187]   |    0.001380     |       75.2        |
|   433   |  [550, 201, 193]   |    0.000874     |       73.6        |
|   434   |  [522, 223, 204]   |    0.001088     |       74.3        |
|   435   |  [553, 210, 194]   |    0.001396     |       73.7        |
|   436   |  [566, 196, 194]   |    0.001173     |       73.6        |
|   437   |  [589, 248, 139]   |    0.001271     |       75.2        |
|   438   |  [546, 895, 169]   |    0.003471     |       75.2        |
|   439   |  [569, 192, 167]   |    0.001054     |       75.1        |
|   440   |  [537, 225, 129]   |    0.000936     |       74.8        |
|   441   |  [593, 205, 212]   |    0.033619     |       74.3        |
|   442   |  [628, 184, 196]   |    0.000986     |       72.9        |
|   443   |  [506, 212, 185]   |    0.001287     |       75.2        |
|   444   |  [558, 262, 157]   |    0.001045     |       75.3        |
|   445   |  [580, 185, 212]   |    0.001106     |       75.0        |
|   446   |  [528, 239, 225]   |    1.877505     |       74.5        |
|   447   |  [607, 198, 196]   |    0.000731     |       73.6        |
|   448   |  [548, 206, 163]   |    0.000658     |       74.6        |
|   449   |  [540, 217, 141]   |    0.003044     |       75.0        |
|   450   |  [511, 225, 155]   |    0.001507     |       77.9        |
|   451   |  [552, 207, 166]   |    0.001504     |       74.7        |
|   452   |     [239, 173]     |    0.007235     |       60.5        |
|   453   |  [527, 190, 184]   |    0.001195     |       75.3        |
|   454   |  [555, 285, 195]   |    0.001546     |       75.0        |
|   455   |  [643, 183, 168]   |    0.001671     |       75.1        |
|   456   |  [486, 203, 192]   |    0.011462     |       75.2        |
|   457   |  [573, 178, 155]   |    0.002742     |       77.7        |
|   458   |  [951, 226, 201]   |    0.052541     |       73.9        |
|   459   |  [544, 173, 216]   |    0.001162     |       74.6        |
|   460   |  [605, 757, 171]   |    0.047714     |       75.2        |
|   461   |  [622, 201, 186]   |    0.001223     |       75.3        |
|   462   |  [512, 266, 211]   |    0.001501     |       73.3        |
|   463   |  [563, 175, 139]   |    0.001040     |       74.5        |
|   464   |  [524, 213, 206]   |    0.001209     |       73.9        |
|   465   |  [543, 191, 235]   |    0.000743     |       75.1        |
|   466   |  [708, 171, 706]   |    0.190575     |       73.7        |
|   467   |  [590, 475, 236]   |    0.006946     |       74.9        |
|   468   |  [473, 555, 227]   |    0.001530     |       74.7        |
|   469   |  [537, 241, 245]   |    0.721737     |       74.7        |
|   470   |  [491, 189, 236]   |    0.002120     |       75.0        |
|   471   |  [693, 168, 378]   |    0.196658     |       75.0        |
|   472   |  [521, 225, 279]   |    0.013087     |       73.9        |
|   473   |  [567, 155, 263]   |    0.001116     |       74.5        |
|   474   |  [547, 198, 247]   |    0.001695     |       74.2        |
|   475   |  [581, 176, 345]   |    0.001176     |       74.7        |
|   476   |  [538, 208, 223]   |    0.001294     |       74.1        |
|   477   |  [564, 162, 274]   |    0.001306     |       74.8        |
|   478   |  [508, 192, 244]   |    0.001197     |       73.5        |
|   479   |  [612, 154, 328]   |    0.002282     |       74.3        |
|   480   |  [680, 178, 220]   |    0.001789     |       74.7        |
|   481   |  [730, 146, 280]   |    0.001025     |       74.1        |
|   482   |  [586, 215, 250]   |    0.001428     |       74.0        |
|   483   |  [445, 246, 180]   |    0.014023     |       75.2        |
|   484   |  [544, 170, 300]   |    0.037452     |       74.9        |
|   485   |  [565, 184, 151]   |    0.000865     |       78.8        |
|   486   |  [647, 203, 143]   |    0.001824     |       74.9        |
|   487   |  [595, 230, 129]   |    0.002791     |       74.7        |
|   488   |  [566, 187, 189]   |    0.001555     |       75.3        |
|   489   |  [582, 220, 141]   |    0.001180     |       75.0        |
|   490   |     [187, 167]     |    0.013312     |       60.6        |
|   491   |  [625, 205, 160]   |    0.001278     |       77.8        |
|   492   |  [556, 144, 204]   |    0.000902     |       72.9        |
|   493   |  [607, 174, 161]   |    0.000906     |       75.2        |
|   494   |  [574, 192, 155]   |    0.001653     |       78.6        |
|   495   |  [561, 128, 179]   |    0.001857     |       75.3        |
|   496   |  [524, 152, 210]   |    0.001556     |       74.7        |
|   497   |  [592, 252, 408]   |    0.146260     |       74.2        |
|   498   |  [466, 167, 234]   |    0.000649     |       74.9        |  <---
|   499   |  [467, 963, 434]   |    0.043124     |       74.6        |
